% latex table generated in R 4.0.5 by xtable 1.8-4 package
% Thu May 05 00:06:18 2022
\begin{table}[ht]
\centering
\begin{tabular}{rrrrrrr}
  \hline
 & $y$ & $I$ & $S$ & $H$ & rr & \pi \\ 
  \hline
$y$ & 1.000 & 0.323 & 0.560 & 0.436 & -0.114 & 0.237 \\ 
  $I$ & 0.323 & 1.000 & 0.149 & 0.487 & -0.042 & 0.178 \\ 
  $S$ & 0.560 & 0.149 & 1.000 & 0.286 & -0.069 & 0.049 \\ 
  $H$ & 0.436 & 0.487 & 0.286 & 1.000 & 0.047 & 0.104 \\ 
  rr & -0.114 & -0.042 & -0.069 & 0.047 & 1.000 & -0.746 \\ 
  \pi & 0.237 & 0.178 & 0.049 & 0.104 & -0.746 & 1.000 \\ 
   \hline
\end{tabular}
\caption{Residual Correlation Matrix} 
\end{table}
